{'Angry': 0, 'Sad': 5, 'Neutral': 4, 'Disgust': 1, 'Surprise': 6, 'Fear': 2, 'Happy': 3}

{Angry: 1.0180580731215159,
Disgust: 7.9484646194926567,
Fear: 1.0195225536870227,
Happy: 0.57056602326963257,
Neutral: 0.83348266786134284,
Sad: 0.85014565602330494,
Surprise: 1.2781570698613078}

